-7.061342000961303711e-01,-1.223046660423278809e+00,0.000000000000000000e+00,0.000000000000000000e+00
-6.882326602935791016e-01,-1.208242297172546387e+00,0.000000000000000000e+00,0.000000000000000000e+00
-6.887260675430297852e-01,-1.225656867027282715e+00,0.000000000000000000e+00,0.000000000000000000e+00
-6.806686520576477051e-01,-1.228015184402465820e+00,0.000000000000000000e+00,0.000000000000000000e+00
-6.616544723510742188e-01,-1.210286855697631836e+00,0.000000000000000000e+00,0.000000000000000000e+00
-6.577392816543579102e-01,-1.219957947731018066e+00,0.000000000000000000e+00,0.000000000000000000e+00
-6.495102047920227051e-01,-1.221680164337158203e+00,0.000000000000000000e+00,0.000000000000000000e+00
-6.327095031738281250e-01,-1.206991791725158691e+00,0.000000000000000000e+00,0.000000000000000000e+00
-6.392983198165893555e-01,-1.237033724784851074e+00,0.000000000000000000e+00,0.000000000000000000e+00
-6.187198758125305176e-01,-1.214510679244995117e+00,0.000000000000000000e+00,0.000000000000000000e+00
-6.198295354843139648e-01,-1.234416723251342773e+00,0.000000000000000000e+00,0.000000000000000000e+00
-6.084670424461364746e-01,-1.229599237442016602e+00,0.000000000000000000e+00,0.000000000000000000e+00
-5.906246304512023926e-01,-1.211244106292724609e+00,0.000000000000000000e+00,0.000000000000000000e+00
-5.854020714759826660e-01,-1.218502521514892578e+00,0.000000000000000000e+00,0.000000000000000000e+00
-5.732303261756896973e-01,-1.211194634437561035e+00,0.000000000000000000e+00,0.000000000000000000e+00
-5.600987672805786133e-01,-1.201501965522766113e+00,0.000000000000000000e+00,0.000000000000000000e+00
-5.555607080459594727e-01,-1.210127353668212891e+00,0.000000000000000000e+00,0.000000000000000000e+00
-5.534562468528747559e-01,-1.224304318428039551e+00,0.000000000000000000e+00,0.000000000000000000e+00
-5.404378175735473633e-01,-1.214304208755493164e+00,0.000000000000000000e+00,0.000000000000000000e+00
-5.314530134201049805e-01,-1.213092207908630371e+00,0.000000000000000000e+00,0.000000000000000000e+00
-5.257354974746704102e-01,-1.219319105148315430e+00,0.000000000000000000e+00,0.000000000000000000e+00
-5.192607641220092773e-01,-1.223864436149597168e+00,0.000000000000000000e+00,0.000000000000000000e+00
-5.060200691223144531e-01,-1.212250828742980957e+00,0.000000000000000000e+00,0.000000000000000000e+00
-5.027912259101867676e-01,-1.224535584449768066e+00,0.000000000000000000e+00,0.000000000000000000e+00
-4.947035610675811768e-01,-1.225103378295898438e+00,0.000000000000000000e+00,0.000000000000000000e+00
-4.870296716690063477e-01,-1.226634144783020020e+00,0.000000000000000000e+00,0.000000000000000000e+00
-4.696025252342224121e-01,-1.203131794929504395e+00,0.000000000000000000e+00,0.000000000000000000e+00
-4.623526334762573242e-01,-1.205240726470947266e+00,0.000000000000000000e+00,0.000000000000000000e+00
-4.642858207225799561e-01,-1.231690406799316406e+00,0.000000000000000000e+00,0.000000000000000000e+00
-4.568715095520019531e-01,-1.233751058578491211e+00,0.000000000000000000e+00,0.000000000000000000e+00
-4.419085979461669922e-01,-1.215034842491149902e+00,0.000000000000000000e+00,0.000000000000000000e+00
-4.288258850574493408e-01,-1.200796961784362793e+00,0.000000000000000000e+00,0.000000000000000000e+00
-4.226892590522766113e-01,-1.205746054649353027e+00,0.000000000000000000e+00,0.000000000000000000e+00
-4.104744791984558105e-01,-1.193122267723083496e+00,0.000000000000000000e+00,0.000000000000000000e+00
-4.046934247016906738e-01,-1.198980093002319336e+00,0.000000000000000000e+00,0.000000000000000000e+00
-4.074547290802001953e-01,-1.230778574943542480e+00,0.000000000000000000e+00,0.000000000000000000e+00
-3.876273930072784424e-01,-1.194160342216491699e+00,0.000000000000000000e+00,0.000000000000000000e+00
-3.852483034133911133e-01,-1.210806965827941895e+00,0.000000000000000000e+00,0.000000000000000000e+00
-3.825882673263549805e-01,-1.227145195007324219e+00,0.000000000000000000e+00,0.000000000000000000e+00
-3.693557977676391602e-01,-1.209454774856567383e+00,0.000000000000000000e+00,0.000000000000000000e+00
-3.579613268375396729e-01,-1.197065472602844238e+00,0.000000000000000000e+00,0.000000000000000000e+00
-3.588850796222686768e-01,-1.226133704185485840e+00,0.000000000000000000e+00,0.000000000000000000e+00
-3.426775336265563965e-01,-1.196573972702026367e+00,0.000000000000000000e+00,0.000000000000000000e+00
-3.376950621604919434e-01,-1.205670595169067383e+00,0.000000000000000000e+00,0.000000000000000000e+00
-3.308738768100738525e-01,-1.208379268646240234e+00,0.000000000000000000e+00,0.000000000000000000e+00
-3.233996927738189697e-01,-1.208683967590332031e+00,0.000000000000000000e+00,0.000000000000000000e+00
-3.153056204319000244e-01,-1.206541061401367188e+00,0.000000000000000000e+00,0.000000000000000000e+00
-3.066853284835815430e-01,-1.202141404151916504e+00,0.000000000000000000e+00,0.000000000000000000e+00
-2.996528446674346924e-01,-1.203812122344970703e+00,0.000000000000000000e+00,0.000000000000000000e+00
-2.947721481323242188e-01,-1.214343547821044922e+00,0.000000000000000000e+00,0.000000000000000000e+00
-2.855035364627838135e-01,-1.206787347793579102e+00,0.000000000000000000e+00,0.000000000000000000e+00
-2.786329686641693115e-01,-1.209145426750183105e+00,0.000000000000000000e+00,0.000000000000000000e+00
-2.724965810775756836e-01,-1.214816808700561523e+00,0.000000000000000000e+00,0.000000000000000000e+00
-2.626588344573974609e-01,-1.203754067420959473e+00,0.000000000000000000e+00,0.000000000000000000e+00
-2.526330053806304932e-01,-1.191079735755920410e+00,0.000000000000000000e+00,0.000000000000000000e+00
-2.510778903961181641e-01,-1.218684673309326172e+00,0.000000000000000000e+00,0.000000000000000000e+00
-2.426897585391998291e-01,-1.213705301284790039e+00,0.000000000000000000e+00,0.000000000000000000e+00
-2.352919429540634155e-01,-1.213433623313903809e+00,0.000000000000000000e+00,0.000000000000000000e+00
-2.258315384387969971e-01,-1.202077269554138184e+00,0.000000000000000000e+00,0.000000000000000000e+00
-2.178194522857666016e-01,-1.197844862937927246e+00,0.000000000000000000e+00,0.000000000000000000e+00
-2.108376622200012207e-01,-1.199095606803894043e+00,0.000000000000000000e+00,0.000000000000000000e+00
-2.033447325229644775e-01,-1.197338104248046875e+00,0.000000000000000000e+00,0.000000000000000000e+00
-1.988653838634490967e-01,-1.213758587837219238e+00,0.000000000000000000e+00,0.000000000000000000e+00
-1.909799277782440186e-01,-1.209759712219238281e+00,0.000000000000000000e+00,0.000000000000000000e+00
-1.844384372234344482e-01,-1.214206695556640625e+00,0.000000000000000000e+00,0.000000000000000000e+00
-1.755109727382659912e-01,-1.202580809593200684e+00,0.000000000000000000e+00,0.000000000000000000e+00
-1.675225347280502319e-01,-1.196586966514587402e+00,0.000000000000000000e+00,0.000000000000000000e+00
-1.632982045412063599e-01,-1.218052387237548828e+00,0.000000000000000000e+00,0.000000000000000000e+00
-1.534911543130874634e-01,-1.197848916053771973e+00,0.000000000000000000e+00,0.000000000000000000e+00
-1.468055695295333862e-01,-1.201140403747558594e+00,0.000000000000000000e+00,0.000000000000000000e+00
-1.395879834890365601e-01,-1.200105786323547363e+00,0.000000000000000000e+00,0.000000000000000000e+00
-1.332775503396987915e-01,-1.207089662551879883e+00,0.000000000000000000e+00,0.000000000000000000e+00
-1.275146007537841797e-01,-1.220011949539184570e+00,0.000000000000000000e+00,0.000000000000000000e+00
-1.169455572962760925e-01,-1.185661911964416504e+00,0.000000000000000000e+00,0.000000000000000000e+00
-1.113610640168190002e-01,-1.200607776641845703e+00,0.000000000000000000e+00,0.000000000000000000e+00
-1.043165996670722961e-01,-1.200683355331420898e+00,0.000000000000000000e+00,0.000000000000000000e+00
-9.761158376932144165e-02,-1.204871773719787598e+00,0.000000000000000000e+00,0.000000000000000000e+00
-9.088084846735000610e-02,-1.209282875061035156e+00,0.000000000000000000e+00,0.000000000000000000e+00
-8.356110006570816040e-02,-1.205850481986999512e+00,0.000000000000000000e+00,0.000000000000000000e+00
-7.582073658704757690e-02,-1.195065259933471680e+00,0.000000000000000000e+00,0.000000000000000000e+00
-6.962369382381439209e-02,-1.208794474601745605e+00,0.000000000000000000e+00,0.000000000000000000e+00
-6.271776556968688965e-02,-1.211836218833923340e+00,0.000000000000000000e+00,0.000000000000000000e+00
-5.523852258920669556e-02,-1.203072428703308105e+00,0.000000000000000000e+00,0.000000000000000000e+00
-4.732130467891693115e-02,-1.180733442306518555e+00,0.000000000000000000e+00,0.000000000000000000e+00
-4.095420986413955688e-02,-1.195954203605651855e+00,0.000000000000000000e+00,0.000000000000000000e+00
-3.426093235611915588e-02,-1.205846190452575684e+00,0.000000000000000000e+00,0.000000000000000000e+00
-2.709504403173923492e-02,-1.199815154075622559e+00,0.000000000000000000e+00,0.000000000000000000e+00
-2.013066597282886505e-02,-1.201504826545715332e+00,0.000000000000000000e+00,0.000000000000000000e+00
-1.317737437784671783e-02,-1.205886483192443848e+00,0.000000000000000000e+00,0.000000000000000000e+00
-6.164017133414745331e-03,-1.208327293395996094e+00,0.000000000000000000e+00,0.000000000000000000e+00
8.712659473530948162e-04,-1.202355623245239258e+00,0.000000000000000000e+00,0.000000000000000000e+00
7.871847599744796753e-03,-1.201699614524841309e+00,0.000000000000000000e+00,0.000000000000000000e+00
1.497492473572492599e-02,-1.209899187088012695e+00,0.000000000000000000e+00,0.000000000000000000e+00
2.175405621528625488e-02,-1.194998741149902344e+00,0.000000000000000000e+00,0.000000000000000000e+00
2.881144732236862183e-02,-1.198841810226440430e+00,0.000000000000000000e+00,0.000000000000000000e+00
3.554136306047439575e-02,-1.190153002738952637e+00,0.000000000000000000e+00,0.000000000000000000e+00
4.281095787882804871e-02,-1.199354648590087891e+00,0.000000000000000000e+00,0.000000000000000000e+00
4.987336322665214539e-02,-1.200912117958068848e+00,0.000000000000000000e+00,0.000000000000000000e+00
5.736760422587394714e-02,-1.211131095886230469e+00,0.000000000000000000e+00,0.000000000000000000e+00
6.201282143592834473e-02,-1.165488362312316895e+00,0.000000000000000000e+00,0.000000000000000000e+00
7.021313905715942383e-02,-1.189008951187133789e+00,0.000000000000000000e+00,0.000000000000000000e+00
7.650926709175109863e-02,-1.178877711296081543e+00,0.000000000000000000e+00,0.000000000000000000e+00
8.379185199737548828e-02,-1.184290766716003418e+00,0.000000000000000000e+00,0.000000000000000000e+00
9.109147638082504272e-02,-1.189024090766906738e+00,0.000000000000000000e+00,0.000000000000000000e+00
9.972106665372848511e-02,-1.209135413169860840e+00,0.000000000000000000e+00,0.000000000000000000e+00
1.070596650242805481e-01,-1.211885333061218262e+00,0.000000000000000000e+00,0.000000000000000000e+00
1.122439205646514893e-01,-1.191348791122436523e+00,0.000000000000000000e+00,0.000000000000000000e+00
1.202298626303672791e-01,-1.201136946678161621e+00,0.000000000000000000e+00,0.000000000000000000e+00
1.253475695848464966e-01,-1.182697653770446777e+00,0.000000000000000000e+00,0.000000000000000000e+00
1.324712038040161133e-01,-1.184052705764770508e+00,0.000000000000000000e+00,0.000000000000000000e+00
1.418951600790023804e-01,-1.204725146293640137e+00,0.000000000000000000e+00,0.000000000000000000e+00
1.455806344747543335e-01,-1.176951408386230469e+00,0.000000000000000000e+00,0.000000000000000000e+00
1.540748476982116699e-01,-1.188736081123352051e+00,0.000000000000000000e+00,0.000000000000000000e+00
1.621545106172561646e-01,-1.196353673934936523e+00,0.000000000000000000e+00,0.000000000000000000e+00
1.707692891359329224e-01,-1.207035541534423828e+00,0.000000000000000000e+00,0.000000000000000000e+00
1.757835000753402710e-01,-1.192353010177612305e+00,0.000000000000000000e+00,0.000000000000000000e+00
1.815541237592697144e-01,-1.183662295341491699e+00,0.000000000000000000e+00,0.000000000000000000e+00
1.908227205276489258e-01,-1.197493910789489746e+00,0.000000000000000000e+00,0.000000000000000000e+00
1.964201331138610840e-01,-1.188040733337402344e+00,0.000000000000000000e+00,0.000000000000000000e+00
2.047760188579559326e-01,-1.195269107818603516e+00,0.000000000000000000e+00,0.000000000000000000e+00
2.123989462852478027e-01,-1.197794556617736816e+00,0.000000000000000000e+00,0.000000000000000000e+00
2.182013094425201416e-01,-1.190143227577209473e+00,0.000000000000000000e+00,0.000000000000000000e+00
2.272547483444213867e-01,-1.200065732002258301e+00,0.000000000000000000e+00,0.000000000000000000e+00
2.289429605007171631e-01,-1.171602487564086914e+00,0.000000000000000000e+00,0.000000000000000000e+00
2.374491691589355469e-01,-1.178610205650329590e+00,0.000000000000000000e+00,0.000000000000000000e+00
2.454476058483123779e-01,-1.182681083679199219e+00,0.000000000000000000e+00,0.000000000000000000e+00
2.540453672409057617e-01,-1.189244508743286133e+00,0.000000000000000000e+00,0.000000000000000000e+00
2.610934674739837646e-01,-1.188308954238891602e+00,0.000000000000000000e+00,0.000000000000000000e+00
2.651753723621368408e-01,-1.174207210540771484e+00,0.000000000000000000e+00,0.000000000000000000e+00
2.762073874473571777e-01,-1.190730452537536621e+00,0.000000000000000000e+00,0.000000000000000000e+00
2.806937098503112793e-01,-1.178828716278076172e+00,0.000000000000000000e+00,0.000000000000000000e+00
2.911720573902130127e-01,-1.191973924636840820e+00,0.000000000000000000e+00,0.000000000000000000e+00
2.979426681995391846e-01,-1.189583897590637207e+00,0.000000000000000000e+00,0.000000000000000000e+00
3.007782101631164551e-01,-1.171893596649169922e+00,0.000000000000000000e+00,0.000000000000000000e+00
3.081254363059997559e-01,-1.172118902206420898e+00,0.000000000000000000e+00,0.000000000000000000e+00
3.215729892253875732e-01,-1.194918394088745117e+00,0.000000000000000000e+00,0.000000000000000000e+00
3.218479454517364502e-01,-1.168763279914855957e+00,0.000000000000000000e+00,0.000000000000000000e+00
3.352958261966705322e-01,-1.190458893775939941e+00,0.000000000000000000e+00,0.000000000000000000e+00
3.394949436187744141e-01,-1.179002404212951660e+00,0.000000000000000000e+00,0.000000000000000000e+00
3.495856523513793945e-01,-1.187973260879516602e+00,0.000000000000000000e+00,0.000000000000000000e+00
3.548708856105804443e-01,-1.180495023727416992e+00,0.000000000000000000e+00,0.000000000000000000e+00
3.686117231845855713e-01,-1.200785636901855469e+00,0.000000000000000000e+00,0.000000000000000000e+00
3.702301979064941406e-01,-1.181478261947631836e+00,0.000000000000000000e+00,0.000000000000000000e+00
3.781137764453887939e-01,-1.182449698448181152e+00,0.000000000000000000e+00,0.000000000000000000e+00
3.870513737201690674e-01,-1.186527252197265625e+00,0.000000000000000000e+00,0.000000000000000000e+00
3.934869170188903809e-01,-1.182838201522827148e+00,0.000000000000000000e+00,0.000000000000000000e+00
3.994398117065429688e-01,-1.177779316902160645e+00,0.000000000000000000e+00,0.000000000000000000e+00
4.111167192459106445e-01,-1.189382910728454590e+00,0.000000000000000000e+00,0.000000000000000000e+00
4.154734015464782715e-01,-1.179683327674865723e+00,0.000000000000000000e+00,0.000000000000000000e+00
4.217470288276672363e-01,-1.175592780113220215e+00,0.000000000000000000e+00,0.000000000000000000e+00
4.390428364276885986e-01,-1.201730489730834961e+00,0.000000000000000000e+00,0.000000000000000000e+00
4.438214004039764404e-01,-1.193197131156921387e+00,0.000000000000000000e+00,0.000000000000000000e+00
4.527327418327331543e-01,-1.195788025856018066e+00,0.000000000000000000e+00,0.000000000000000000e+00
4.553741812705993652e-01,-1.181924343109130859e+00,0.000000000000000000e+00,0.000000000000000000e+00
4.694940447807312012e-01,-1.197726249694824219e+00,0.000000000000000000e+00,0.000000000000000000e+00
4.711495339870452881e-01,-1.181642413139343262e+00,0.000000000000000000e+00,0.000000000000000000e+00
4.766162633895874023e-01,-1.175401926040649414e+00,0.000000000000000000e+00,0.000000000000000000e+00
4.849482178688049316e-01,-1.176224946975708008e+00,0.000000000000000000e+00,0.000000000000000000e+00
4.915473163127899170e-01,-1.172794818878173828e+00,0.000000000000000000e+00,0.000000000000000000e+00
5.058698058128356934e-01,-1.187513351440429688e+00,0.000000000000000000e+00,0.000000000000000000e+00
5.123745203018188477e-01,-1.183610677719116211e+00,0.000000000000000000e+00,0.000000000000000000e+00
5.163635015487670898e-01,-1.174016833305358887e+00,0.000000000000000000e+00,0.000000000000000000e+00
5.306470394134521484e-01,-1.187668919563293457e+00,0.000000000000000000e+00,0.000000000000000000e+00
5.352232456207275391e-01,-1.179414272308349609e+00,0.000000000000000000e+00,0.000000000000000000e+00
5.461975336074829102e-01,-1.185199379920959473e+00,0.000000000000000000e+00,0.000000000000000000e+00
5.502820611000061035e-01,-1.175989985466003418e+00,0.000000000000000000e+00,0.000000000000000000e+00
5.499221682548522949e-01,-1.157604336738586426e+00,0.000000000000000000e+00,0.000000000000000000e+00
5.665789246559143066e-01,-1.174957036972045898e+00,0.000000000000000000e+00,0.000000000000000000e+00
5.744400024414062500e-01,-1.173731923103332520e+00,0.000000000000000000e+00,0.000000000000000000e+00
5.859134793281555176e-01,-1.179718375205993652e+00,0.000000000000000000e+00,0.000000000000000000e+00
5.872256159782409668e-01,-1.165270209312438965e+00,0.000000000000000000e+00,0.000000000000000000e+00
6.069533824920654297e-01,-1.187156796455383301e+00,0.000000000000000000e+00,0.000000000000000000e+00
6.191384792327880859e-01,-1.193779706954956055e+00,0.000000000000000000e+00,0.000000000000000000e+00
6.262441277503967285e-01,-1.190459251403808594e+00,0.000000000000000000e+00,0.000000000000000000e+00
6.330748200416564941e-01,-1.186614274978637695e+00,0.000000000000000000e+00,0.000000000000000000e+00
6.351968050003051758e-01,-1.174070239067077637e+00,0.000000000000000000e+00,0.000000000000000000e+00
6.387426853179931641e-01,-1.164364576339721680e+00,0.000000000000000000e+00,0.000000000000000000e+00
6.568615436553955078e-01,-1.181024074554443359e+00,0.000000000000000000e+00,0.000000000000000000e+00
6.611318588256835938e-01,-1.172567725181579590e+00,0.000000000000000000e+00,0.000000000000000000e+00
6.707316637039184570e-01,-1.173560023307800293e+00,0.000000000000000000e+00,0.000000000000000000e+00
6.740568876266479492e-01,-1.163590073585510254e+00,0.000000000000000000e+00,0.000000000000000000e+00
6.880410909652709961e-01,-1.171935558319091797e+00,0.000000000000000000e+00,0.000000000000000000e+00
7.017888426780700684e-01,-1.179558396339416504e+00,0.000000000000000000e+00,0.000000000000000000e+00
7.130821943283081055e-01,-1.182803511619567871e+00,0.000000000000000000e+00,0.000000000000000000e+00
7.154000401496887207e-01,-1.171162724494934082e+00,0.000000000000000000e+00,0.000000000000000000e+00
7.285488843917846680e-01,-1.177216172218322754e+00,0.000000000000000000e+00,0.000000000000000000e+00
7.304514050483703613e-01,-1.165067195892333984e+00,0.000000000000000000e+00,0.000000000000000000e+00
7.447232007980346680e-01,-1.172595739364624023e+00,0.000000000000000000e+00,0.000000000000000000e+00
7.570136189460754395e-01,-1.176742672920227051e+00,0.000000000000000000e+00,0.000000000000000000e+00
7.596763372421264648e-01,-1.165897369384765625e+00,0.000000000000000000e+00,0.000000000000000000e+00
7.644240856170654297e-01,-1.158373117446899414e+00,0.000000000000000000e+00,0.000000000000000000e+00
7.822226285934448242e-01,-1.170453906059265137e+00,0.000000000000000000e+00,0.000000000000000000e+00
7.913730740547180176e-01,-1.169341683387756348e+00,0.000000000000000000e+00,0.000000000000000000e+00
7.832925915718078613e-01,-1.142998933792114258e+00,0.000000000000000000e+00,0.000000000000000000e+00
8.125330805778503418e-01,-1.170978784561157227e+00,0.000000000000000000e+00,0.000000000000000000e+00
8.277383446693420410e-01,-1.178177356719970703e+00,0.000000000000000000e+00,0.000000000000000000e+00
8.339855074882507324e-01,-1.172487854957580566e+00,0.000000000000000000e+00,0.000000000000000000e+00
8.404465317726135254e-01,-1.167115569114685059e+00,0.000000000000000000e+00,0.000000000000000000e+00
8.595547080039978027e-01,-1.179103612899780273e+00,0.000000000000000000e+00,0.000000000000000000e+00
8.653510212898254395e-01,-1.172641873359680176e+00,0.000000000000000000e+00,0.000000000000000000e+00
8.831213712692260742e-01,-1.182244062423706055e+00,0.000000000000000000e+00,0.000000000000000000e+00
8.698814511299133301e-01,-1.150478839874267578e+00,0.000000000000000000e+00,0.000000000000000000e+00
8.889536857604980469e-01,-1.161574125289916992e+00,0.000000000000000000e+00,0.000000000000000000e+00
9.052200913429260254e-01,-1.168658614158630371e+00,0.000000000000000000e+00,0.000000000000000000e+00
9.291198253631591797e-01,-1.185186505317687988e+00,0.000000000000000000e+00,0.000000000000000000e+00
9.298431873321533203e-01,-1.171982288360595703e+00,0.000000000000000000e+00,0.000000000000000000e+00
9.328154921531677246e-01,-1.161763191223144531e+00,0.000000000000000000e+00,0.000000000000000000e+00
9.604064822196960449e-01,-1.181954741477966309e+00,0.000000000000000000e+00,0.000000000000000000e+00
9.561868309974670410e-01,-1.162853479385375977e+00,0.000000000000000000e+00,0.000000000000000000e+00
9.698408246040344238e-01,-1.165550351142883301e+00,0.000000000000000000e+00,0.000000000000000000e+00
9.827780127525329590e-01,-1.167200326919555664e+00,0.000000000000000000e+00,0.000000000000000000e+00
9.837682843208312988e-01,-1.154655694961547852e+00,0.000000000000000000e+00,0.000000000000000000e+00
1.012461423873901367e+00,-1.174404144287109375e+00,0.000000000000000000e+00,0.000000000000000000e+00
1.016032695770263672e+00,-1.164756059646606445e+00,0.000000000000000000e+00,0.000000000000000000e+00
1.015681862831115723e+00,-1.150750994682312012e+00,0.000000000000000000e+00,0.000000000000000000e+00
1.031891584396362305e+00,-1.155477643013000488e+00,0.000000000000000000e+00,0.000000000000000000e+00
1.050337553024291992e+00,-1.162430286407470703e+00,0.000000000000000000e+00,0.000000000000000000e+00
1.074010133743286133e+00,-1.174797415733337402e+00,0.000000000000000000e+00,0.000000000000000000e+00
1.082883596420288086e+00,-1.170734047889709473e+00,0.000000000000000000e+00,0.000000000000000000e+00
1.085670113563537598e+00,-1.160114526748657227e+00,0.000000000000000000e+00,0.000000000000000000e+00
1.101728558540344238e+00,-1.163611650466918945e+00,0.000000000000000000e+00,0.000000000000000000e+00
1.103243231773376465e+00,-1.151697278022766113e+00,0.000000000000000000e+00,0.000000000000000000e+00
1.121217846870422363e+00,-1.156893253326416016e+00,0.000000000000000000e+00,0.000000000000000000e+00
1.125232577323913574e+00,-1.147581696510314941e+00,0.000000000000000000e+00,0.000000000000000000e+00
1.155637025833129883e+00,-1.164935827255249023e+00,0.000000000000000000e+00,0.000000000000000000e+00
1.163978338241577148e+00,-1.159751892089843750e+00,0.000000000000000000e+00,0.000000000000000000e+00
1.166820526123046875e+00,-1.149115562438964844e+00,0.000000000000000000e+00,0.000000000000000000e+00
1.202440023422241211e+00,-1.170473575592041016e+00,0.000000000000000000e+00,0.000000000000000000e+00
1.196433782577514648e+00,-1.151128649711608887e+00,0.000000000000000000e+00,0.000000000000000000e+00
1.213525533676147461e+00,-1.154034495353698730e+00,0.000000000000000000e+00,0.000000000000000000e+00
1.233282804489135742e+00,-1.159215688705444336e+00,0.000000000000000000e+00,0.000000000000000000e+00
1.241761326789855957e+00,-1.153633236885070801e+00,0.000000000000000000e+00,0.000000000000000000e+00
1.264243602752685547e+00,-1.160871386528015137e+00,0.000000000000000000e+00,0.000000000000000000e+00
1.265055894851684570e+00,-1.148105263710021973e+00,0.000000000000000000e+00,0.000000000000000000e+00
1.290175318717956543e+00,-1.157267093658447266e+00,0.000000000000000000e+00,0.000000000000000000e+00
1.313335657119750977e+00,-1.164305806159973145e+00,0.000000000000000000e+00,0.000000000000000000e+00
1.309258937835693359e+00,-1.147139191627502441e+00,0.000000000000000000e+00,0.000000000000000000e+00
1.334627270698547363e+00,-1.155691504478454590e+00,0.000000000000000000e+00,0.000000000000000000e+00
1.353686690330505371e+00,-1.158464908599853516e+00,0.000000000000000000e+00,0.000000000000000000e+00
1.347147822380065918e+00,-1.139340162277221680e+00,0.000000000000000000e+00,0.000000000000000000e+00
1.368886709213256836e+00,-1.144113302230834961e+00,0.000000000000000000e+00,0.000000000000000000e+00
1.368521094322204590e+00,-1.130330920219421387e+00,0.000000000000000000e+00,0.000000000000000000e+00
1.395219922065734863e+00,-1.138774633407592773e+00,0.000000000000000000e+00,0.000000000000000000e+00
1.431035757064819336e+00,-1.154182076454162598e+00,0.000000000000000000e+00,0.000000000000000000e+00
1.444662451744079590e+00,-1.151345968246459961e+00,0.000000000000000000e+00,0.000000000000000000e+00
1.461952447891235352e+00,-1.151262879371643066e+00,0.000000000000000000e+00,0.000000000000000000e+00
1.465533614158630371e+00,-1.140313267707824707e+00,0.000000000000000000e+00,0.000000000000000000e+00
1.501475334167480469e+00,-1.154299020767211914e+00,0.000000000000000000e+00,0.000000000000000000e+00
1.495637059211730957e+00,-1.136009216308593750e+00,0.000000000000000000e+00,0.000000000000000000e+00
1.527710556983947754e+00,-1.146397352218627930e+00,0.000000000000000000e+00,0.000000000000000000e+00
1.541536569595336914e+00,-1.142795443534851074e+00,0.000000000000000000e+00,0.000000000000000000e+00
1.557900071144104004e+00,-1.140922546386718750e+00,0.000000000000000000e+00,0.000000000000000000e+00
1.575384378433227539e+00,-1.139686465263366699e+00,0.000000000000000000e+00,0.000000000000000000e+00
1.606181621551513672e+00,-1.147771120071411133e+00,0.000000000000000000e+00,0.000000000000000000e+00
1.615569829940795898e+00,-1.140320301055908203e+00,0.000000000000000000e+00,0.000000000000000000e+00
1.628203511238098145e+00,-1.135084152221679688e+00,0.000000000000000000e+00,0.000000000000000000e+00
1.655740380287170410e+00,-1.140004873275756836e+00,0.000000000000000000e+00,0.000000000000000000e+00
1.673869967460632324e+00,-1.138170003890991211e+00,0.000000000000000000e+00,0.000000000000000000e+00
1.683194279670715332e+00,-1.130226850509643555e+00,0.000000000000000000e+00,0.000000000000000000e+00
1.718451499938964844e+00,-1.139432191848754883e+00,0.000000000000000000e+00,0.000000000000000000e+00
1.737957239151000977e+00,-1.137844920158386230e+00,0.000000000000000000e+00,0.000000000000000000e+00
1.760343432426452637e+00,-1.137905359268188477e+00,0.000000000000000000e+00,0.000000000000000000e+00
1.777783870697021484e+00,-1.134549140930175781e+00,0.000000000000000000e+00,0.000000000000000000e+00
1.792556285858154297e+00,-1.129334449768066406e+00,0.000000000000000000e+00,0.000000000000000000e+00
1.818552494049072266e+00,-1.130966424942016602e+00,0.000000000000000000e+00,0.000000000000000000e+00
1.852661132812500000e+00,-1.137264847755432129e+00,0.000000000000000000e+00,0.000000000000000000e+00
1.866289258003234863e+00,-1.130713820457458496e+00,0.000000000000000000e+00,0.000000000000000000e+00
1.885615229606628418e+00,-1.127457618713378906e+00,0.000000000000000000e+00,0.000000000000000000e+00
1.917351603507995605e+00,-1.131322383880615234e+00,0.000000000000000000e+00,0.000000000000000000e+00
1.940536141395568848e+00,-1.129813075065612793e+00,0.000000000000000000e+00,0.000000000000000000e+00
1.973297834396362305e+00,-1.133546233177185059e+00,0.000000000000000000e+00,0.000000000000000000e+00
1.984283447265625000e+00,-1.124533057212829590e+00,0.000000000000000000e+00,0.000000000000000000e+00
2.016290426254272461e+00,-1.127203583717346191e+00,0.000000000000000000e+00,0.000000000000000000e+00
2.043058633804321289e+00,-1.126596331596374512e+00,0.000000000000000000e+00,0.000000000000000000e+00
2.068041801452636719e+00,-1.124711155891418457e+00,0.000000000000000000e+00,0.000000000000000000e+00
2.115239143371582031e+00,-1.134461879730224609e+00,0.000000000000000000e+00,0.000000000000000000e+00
2.126936912536621094e+00,-1.124829769134521484e+00,0.000000000000000000e+00,0.000000000000000000e+00
2.149363040924072266e+00,-1.120714783668518066e+00,0.000000000000000000e+00,0.000000000000000000e+00
2.176683187484741211e+00,-1.118879795074462891e+00,0.000000000000000000e+00,0.000000000000000000e+00
2.211125373840332031e+00,-1.120347142219543457e+00,0.000000000000000000e+00,0.000000000000000000e+00
2.233426809310913086e+00,-1.115342736244201660e+00,0.000000000000000000e+00,0.000000000000000000e+00
2.267772912979125977e+00,-1.116035938262939453e+00,0.000000000000000000e+00,0.000000000000000000e+00
2.302950382232666016e+00,-1.116729021072387695e+00,0.000000000000000000e+00,0.000000000000000000e+00
2.340415477752685547e+00,-1.118102431297302246e+00,0.000000000000000000e+00,0.000000000000000000e+00
2.366376161575317383e+00,-1.113619089126586914e+00,0.000000000000000000e+00,0.000000000000000000e+00
2.387706995010375977e+00,-1.106712460517883301e+00,0.000000000000000000e+00,0.000000000000000000e+00
2.441277503967285156e+00,-1.114310860633850098e+00,0.000000000000000000e+00,0.000000000000000000e+00
2.480161428451538086e+00,-1.114645957946777344e+00,0.000000000000000000e+00,0.000000000000000000e+00
2.507210969924926758e+00,-1.109291434288024902e+00,0.000000000000000000e+00,0.000000000000000000e+00
2.534022808074951172e+00,-1.103546380996704102e+00,0.000000000000000000e+00,0.000000000000000000e+00
2.583021879196166992e+00,-1.107027888298034668e+00,0.000000000000000000e+00,0.000000000000000000e+00
2.627857208251953125e+00,-1.108166694641113281e+00,0.000000000000000000e+00,0.000000000000000000e+00
2.663828134536743164e+00,-1.105101346969604492e+00,0.000000000000000000e+00,0.000000000000000000e+00
2.713552474975585938e+00,-1.107244610786437988e+00,0.000000000000000000e+00,0.000000000000000000e+00
2.755648374557495117e+00,-1.105738639831542969e+00,0.000000000000000000e+00,0.000000000000000000e+00
2.793948888778686523e+00,-1.102253079414367676e+00,0.000000000000000000e+00,0.000000000000000000e+00
2.834824800491333008e+00,-1.099336981773376465e+00,0.000000000000000000e+00,0.000000000000000000e+00
2.872241735458374023e+00,-1.094640612602233887e+00,0.000000000000000000e+00,0.000000000000000000e+00
2.929455041885375977e+00,-1.096942782402038574e+00,0.000000000000000000e+00,0.000000000000000000e+00
2.975161552429199219e+00,-1.094337224960327148e+00,0.000000000000000000e+00,0.000000000000000000e+00
3.020199775695800781e+00,-1.090970039367675781e+00,0.000000000000000000e+00,0.000000000000000000e+00
3.077312469482421875e+00,-1.091375589370727539e+00,0.000000000000000000e+00,0.000000000000000000e+00
3.139823913574218750e+00,-1.092994689941406250e+00,0.000000000000000000e+00,0.000000000000000000e+00
3.185375690460205078e+00,-1.088087081909179688e+00,0.000000000000000000e+00,0.000000000000000000e+00
3.224520206451416016e+00,-1.080522298812866211e+00,0.000000000000000000e+00,0.000000000000000000e+00
3.286732673645019531e+00,-1.080112457275390625e+00,0.000000000000000000e+00,0.000000000000000000e+00
3.355322122573852539e+00,-1.081035256385803223e+00,0.000000000000000000e+00,0.000000000000000000e+00
3.409728765487670898e+00,-1.076678395271301270e+00,0.000000000000000000e+00,0.000000000000000000e+00
3.482336759567260742e+00,-1.077335834503173828e+00,0.000000000000000000e+00,0.000000000000000000e+00
6.764158248901367188e+00,-2.049536466598510742e+00,0.000000000000000000e+00,0.000000000000000000e+00
6.759204864501953125e+00,-2.005117177963256836e+00,0.000000000000000000e+00,0.000000000000000000e+00
6.750755310058593750e+00,-1.959894061088562012e+00,0.000000000000000000e+00,0.000000000000000000e+00
6.752985477447509766e+00,-1.917955040931701660e+00,0.000000000000000000e+00,0.000000000000000000e+00
6.745829105377197266e+00,-1.873521685600280762e+00,0.000000000000000000e+00,0.000000000000000000e+00
6.739261627197265625e+00,-1.829474925994873047e+00,0.000000000000000000e+00,0.000000000000000000e+00
6.744830131530761719e+00,-1.788862586021423340e+00,0.000000000000000000e+00,0.000000000000000000e+00
6.725436687469482422e+00,-1.741845726966857910e+00,0.000000000000000000e+00,0.000000000000000000e+00
6.711334228515625000e+00,-1.696533560752868652e+00,0.000000000000000000e+00,0.000000000000000000e+00
6.748156547546386719e+00,-1.664076685905456543e+00,0.000000000000000000e+00,0.000000000000000000e+00
6.750168800354003906e+00,-1.622915267944335938e+00,0.000000000000000000e+00,0.000000000000000000e+00
6.732258319854736328e+00,-1.577178359031677246e+00,0.000000000000000000e+00,0.000000000000000000e+00
6.737015247344970703e+00,-1.536945581436157227e+00,0.000000000000000000e+00,0.000000000000000000e+00
6.714468002319335938e+00,-1.490702509880065918e+00,0.000000000000000000e+00,0.000000000000000000e+00
6.727941989898681641e+00,-1.452618479728698730e+00,0.000000000000000000e+00,0.000000000000000000e+00
6.726669788360595703e+00,-1.411379218101501465e+00,0.000000000000000000e+00,0.000000000000000000e+00
6.742921829223632812e+00,-1.373826146125793457e+00,0.000000000000000000e+00,0.000000000000000000e+00
6.732616424560546875e+00,-1.330922842025756836e+00,0.000000000000000000e+00,0.000000000000000000e+00
6.734162807464599609e+00,-1.290509462356567383e+00,0.000000000000000000e+00,0.000000000000000000e+00
6.708897590637207031e+00,-1.245191931724548340e+00,0.000000000000000000e+00,0.000000000000000000e+00
6.725026130676269531e+00,-1.207700014114379883e+00,0.000000000000000000e+00,0.000000000000000000e+00
6.707958221435546875e+00,-1.164336562156677246e+00,0.000000000000000000e+00,0.000000000000000000e+00
6.710148811340332031e+00,-1.124486804008483887e+00,0.000000000000000000e+00,0.000000000000000000e+00
6.708794116973876953e+00,-1.084116339683532715e+00,0.000000000000000000e+00,0.000000000000000000e+00
6.716333866119384766e+00,-1.045221805572509766e+00,0.000000000000000000e+00,0.000000000000000000e+00
6.707247257232666016e+00,-1.003821611404418945e+00,0.000000000000000000e+00,0.000000000000000000e+00
6.711293697357177734e+00,-9.644866585731506348e-01,0.000000000000000000e+00,0.000000000000000000e+00
6.718014240264892578e+00,-9.255388379096984863e-01,0.000000000000000000e+00,0.000000000000000000e+00
6.701936721801757812e+00,-8.835695981979370117e-01,0.000000000000000000e+00,0.000000000000000000e+00
6.710706710815429688e+00,-8.449807167053222656e-01,0.000000000000000000e+00,0.000000000000000000e+00
6.706229209899902344e+00,-8.047564625740051270e-01,0.000000000000000000e+00,0.000000000000000000e+00
6.715071678161621094e+00,-7.661603689193725586e-01,0.000000000000000000e+00,0.000000000000000000e+00
6.690682411193847656e+00,-7.239170074462890625e-01,0.000000000000000000e+00,0.000000000000000000e+00
6.714733123779296875e+00,-6.869665980339050293e-01,0.000000000000000000e+00,0.000000000000000000e+00
6.704147815704345703e+00,-6.464403867721557617e-01,0.000000000000000000e+00,0.000000000000000000e+00
6.708930969238281250e+00,-6.074745655059814453e-01,0.000000000000000000e+00,0.000000000000000000e+00
6.678737640380859375e+00,-5.655324459075927734e-01,0.000000000000000000e+00,0.000000000000000000e+00
6.687505722045898438e+00,-5.270538926124572754e-01,0.000000000000000000e+00,0.000000000000000000e+00
6.697762489318847656e+00,-4.886171817779541016e-01,0.000000000000000000e+00,0.000000000000000000e+00
6.694288730621337891e+00,-4.491723477840423584e-01,0.000000000000000000e+00,0.000000000000000000e+00
6.697497367858886719e+00,-4.102081060409545898e-01,0.000000000000000000e+00,0.000000000000000000e+00
6.690441131591796875e+00,-3.706655800342559814e-01,0.000000000000000000e+00,0.000000000000000000e+00
6.690138816833496094e+00,-3.315654993057250977e-01,0.000000000000000000e+00,0.000000000000000000e+00
6.712491989135742188e+00,-2.934820353984832764e-01,0.000000000000000000e+00,0.000000000000000000e+00
6.678204536437988281e+00,-2.530117034912109375e-01,0.000000000000000000e+00,0.000000000000000000e+00
6.686152935028076172e+00,-2.143124341964721680e-01,0.000000000000000000e+00,0.000000000000000000e+00
6.670079708099365234e+00,-1.749051213264465332e-01,0.000000000000000000e+00,0.000000000000000000e+00
6.710714817047119141e+00,-1.368535757064819336e-01,0.000000000000000000e+00,0.000000000000000000e+00
6.666050910949707031e+00,-9.709522128105163574e-02,0.000000000000000000e+00,0.000000000000000000e+00
6.661882400512695312e+00,-5.821786448359489441e-02,0.000000000000000000e+00,0.000000000000000000e+00
6.685069084167480469e+00,-1.947272382676601410e-02,0.000000000000000000e+00,0.000000000000000000e+00
6.697643756866455078e+00,1.951035484671592712e-02,0.000000000000000000e+00,0.000000000000000000e+00
6.673975467681884766e+00,5.832454562187194824e-02,0.000000000000000000e+00,0.000000000000000000e+00
6.672273635864257812e+00,9.718685597181320190e-02,0.000000000000000000e+00,0.000000000000000000e+00
6.668745994567871094e+00,1.359986960887908936e-01,0.000000000000000000e+00,0.000000000000000000e+00
6.669084548950195312e+00,1.748800426721572876e-01,0.000000000000000000e+00,0.000000000000000000e+00
6.683096408843994141e+00,2.142154723405838013e-01,0.000000000000000000e+00,0.000000000000000000e+00
6.682690143585205078e+00,2.531826496124267578e-01,0.000000000000000000e+00,0.000000000000000000e+00
6.656115531921386719e+00,2.910181879997253418e-01,0.000000000000000000e+00,0.000000000000000000e+00
6.671493053436279297e+00,3.306424021720886230e-01,0.000000000000000000e+00,0.000000000000000000e+00
6.663011550903320312e+00,3.691469430923461914e-01,0.000000000000000000e+00,0.000000000000000000e+00
6.674536228179931641e+00,4.088027775287628174e-01,0.000000000000000000e+00,0.000000000000000000e+00
6.647370338439941406e+00,4.460252225399017334e-01,0.000000000000000000e+00,0.000000000000000000e+00
6.691460609436035156e+00,4.881584346294403076e-01,0.000000000000000000e+00,0.000000000000000000e+00
6.658084392547607422e+00,5.247361660003662109e-01,0.000000000000000000e+00,0.000000000000000000e+00
6.660261154174804688e+00,5.639688968658447266e-01,0.000000000000000000e+00,0.000000000000000000e+00
6.662938117980957031e+00,6.033110618591308594e-01,0.000000000000000000e+00,0.000000000000000000e+00
6.648453235626220703e+00,6.410710811614990234e-01,0.000000000000000000e+00,0.000000000000000000e+00
6.665363788604736328e+00,6.819167733192443848e-01,0.000000000000000000e+00,0.000000000000000000e+00
6.640637874603271484e+00,7.185032963752746582e-01,0.000000000000000000e+00,0.000000000000000000e+00
6.629882812500000000e+00,7.564417123794555664e-01,0.000000000000000000e+00,0.000000000000000000e+00
6.642530918121337891e+00,7.971135973930358887e-01,0.000000000000000000e+00,0.000000000000000000e+00
6.647550106048583984e+00,8.370292782783508301e-01,0.000000000000000000e+00,0.000000000000000000e+00
6.653680801391601562e+00,8.772086501121520996e-01,0.000000000000000000e+00,0.000000000000000000e+00
6.662050724029541016e+00,9.178297519683837891e-01,0.000000000000000000e+00,0.000000000000000000e+00
6.641497611999511719e+00,9.544571638107299805e-01,0.000000000000000000e+00,0.000000000000000000e+00
6.340959548950195312e+00,9.490031599998474121e-01,0.000000000000000000e+00,0.000000000000000000e+00
6.348636627197265625e+00,9.880002737045288086e-01,0.000000000000000000e+00,0.000000000000000000e+00
6.359613895416259766e+00,1.027691006660461426e+00,0.000000000000000000e+00,0.000000000000000000e+00
6.636016845703125000e+00,1.112064838409423828e+00,0.000000000000000000e+00,0.000000000000000000e+00
6.631707668304443359e+00,1.151102304458618164e+00,0.000000000000000000e+00,0.000000000000000000e+00
5.024606227874755859e+00,9.023343324661254883e-01,0.000000000000000000e+00,0.000000000000000000e+00
4.969635009765625000e+00,9.223802685737609863e-01,0.000000000000000000e+00,0.000000000000000000e+00
4.968988418579101562e+00,9.522389173507690430e-01,0.000000000000000000e+00,0.000000000000000000e+00
6.632905960083007812e+00,1.311212778091430664e+00,0.000000000000000000e+00,0.000000000000000000e+00
6.629276275634765625e+00,1.350672602653503418e+00,0.000000000000000000e+00,0.000000000000000000e+00
6.640106201171875000e+00,1.393217682838439941e+00,0.000000000000000000e+00,0.000000000000000000e+00
6.613687515258789062e+00,1.427950978279113770e+00,0.000000000000000000e+00,0.000000000000000000e+00
6.642755508422851562e+00,1.474782347679138184e+00,0.000000000000000000e+00,0.000000000000000000e+00
6.617556571960449219e+00,1.509693980216979980e+00,0.000000000000000000e+00,0.000000000000000000e+00
6.646322727203369141e+00,1.557047128677368164e+00,0.000000000000000000e+00,0.000000000000000000e+00
6.639226436614990234e+00,1.596243023872375488e+00,0.000000000000000000e+00,0.000000000000000000e+00
6.632378578186035156e+00,1.635527253150939941e+00,0.000000000000000000e+00,0.000000000000000000e+00
6.627098560333251953e+00,1.675240993499755859e+00,0.000000000000000000e+00,0.000000000000000000e+00
6.620539665222167969e+00,1.714679121971130371e+00,0.000000000000000000e+00,0.000000000000000000e+00
6.624888420104980469e+00,1.757052779197692871e+00,0.000000000000000000e+00,0.000000000000000000e+00
6.614656448364257812e+00,1.795650005340576172e+00,0.000000000000000000e+00,0.000000000000000000e+00
6.381657123565673828e+00,1.772381186485290527e+00,0.000000000000000000e+00,0.000000000000000000e+00
6.315756797790527344e+00,1.793776035308837891e+00,0.000000000000000000e+00,0.000000000000000000e+00
6.333576679229736328e+00,1.838778734207153320e+00,0.000000000000000000e+00,0.000000000000000000e+00
6.609516620635986328e+00,1.960713386535644531e+00,0.000000000000000000e+00,0.000000000000000000e+00
6.549600124359130859e+00,1.984526515007019043e+00,0.000000000000000000e+00,0.000000000000000000e+00
6.381626605987548828e+00,1.974294543266296387e+00,0.000000000000000000e+00,0.000000000000000000e+00
6.242549896240234375e+00,1.971189737319946289e+00,0.000000000000000000e+00,0.000000000000000000e+00
6.078149318695068359e+00,1.958290815353393555e+00,0.000000000000000000e+00,0.000000000000000000e+00
5.951955318450927734e+00,1.955980300903320312e+00,0.000000000000000000e+00,0.000000000000000000e+00
5.818481445312500000e+00,1.949747920036315918e+00,0.000000000000000000e+00,0.000000000000000000e+00
5.024099349975585938e+00,1.716174364089965820e+00,0.000000000000000000e+00,0.000000000000000000e+00
4.949611186981201172e+00,1.722995162010192871e+00,0.000000000000000000e+00,0.000000000000000000e+00
4.942530155181884766e+00,1.752879858016967773e+00,0.000000000000000000e+00,0.000000000000000000e+00
4.959002494812011719e+00,1.791314005851745605e+00,0.000000000000000000e+00,0.000000000000000000e+00
5.251096248626708984e+00,1.931482672691345215e+00,0.000000000000000000e+00,0.000000000000000000e+00
5.158122062683105469e+00,1.931474447250366211e+00,0.000000000000000000e+00,0.000000000000000000e+00
5.057779312133789062e+00,1.927572131156921387e+00,0.000000000000000000e+00,0.000000000000000000e+00
4.963055610656738281e+00,1.924659729003906250e+00,0.000000000000000000e+00,0.000000000000000000e+00
4.853688240051269531e+00,1.914850831031799316e+00,0.000000000000000000e+00,0.000000000000000000e+00
4.781284809112548828e+00,1.918551683425903320e+00,0.000000000000000000e+00,0.000000000000000000e+00
4.674412250518798828e+00,1.907359361648559570e+00,0.000000000000000000e+00,0.000000000000000000e+00
4.602878570556640625e+00,1.909526109695434570e+00,0.000000000000000000e+00,0.000000000000000000e+00
4.531756401062011719e+00,1.911041140556335449e+00,0.000000000000000000e+00,0.000000000000000000e+00
4.455817222595214844e+00,1.909668564796447754e+00,0.000000000000000000e+00,0.000000000000000000e+00
4.360992431640625000e+00,1.899177551269531250e+00,0.000000000000000000e+00,0.000000000000000000e+00
4.307325839996337891e+00,1.905735731124877930e+00,0.000000000000000000e+00,0.000000000000000000e+00
4.232884407043457031e+00,1.902363777160644531e+00,0.000000000000000000e+00,0.000000000000000000e+00
4.151335239410400391e+00,1.894860267639160156e+00,0.000000000000000000e+00,0.000000000000000000e+00
4.094138622283935547e+00,1.897651553153991699e+00,0.000000000000000000e+00,0.000000000000000000e+00
4.026151180267333984e+00,1.894711613655090332e+00,0.000000000000000000e+00,0.000000000000000000e+00
3.947198629379272461e+00,1.885722637176513672e+00,0.000000000000000000e+00,0.000000000000000000e+00
3.907034158706665039e+00,1.894569754600524902e+00,0.000000000000000000e+00,0.000000000000000000e+00
3.813160657882690430e+00,1.876565933227539062e+00,0.000000000000000000e+00,0.000000000000000000e+00
3.759245634078979492e+00,1.877316474914550781e+00,0.000000000000000000e+00,0.000000000000000000e+00
3.723191022872924805e+00,1.886490941047668457e+00,0.000000000000000000e+00,0.000000000000000000e+00
3.653242588043212891e+00,1.877875804901123047e+00,0.000000000000000000e+00,0.000000000000000000e+00
3.580277681350708008e+00,1.866818785667419434e+00,0.000000000000000000e+00,0.000000000000000000e+00
3.537932634353637695e+00,1.871034860610961914e+00,0.000000000000000000e+00,0.000000000000000000e+00
3.485311746597290039e+00,1.869270801544189453e+00,0.000000000000000000e+00,0.000000000000000000e+00
3.447019338607788086e+00,1.874673128128051758e+00,0.000000000000000000e+00,0.000000000000000000e+00
3.400985717773437500e+00,1.875393748283386230e+00,0.000000000000000000e+00,0.000000000000000000e+00
3.342871665954589844e+00,1.868827223777770996e+00,0.000000000000000000e+00,0.000000000000000000e+00
3.302937269210815430e+00,1.871841192245483398e+00,0.000000000000000000e+00,0.000000000000000000e+00
3.238989830017089844e+00,1.860614180564880371e+00,0.000000000000000000e+00,0.000000000000000000e+00
3.203044891357421875e+00,1.864867568016052246e+00,0.000000000000000000e+00,0.000000000000000000e+00
3.155872583389282227e+00,1.862105250358581543e+00,0.000000000000000000e+00,0.000000000000000000e+00
3.112503290176391602e+00,1.861046075820922852e+00,0.000000000000000000e+00,0.000000000000000000e+00
3.053822517395019531e+00,1.850195884704589844e+00,0.000000000000000000e+00,0.000000000000000000e+00
3.031884670257568359e+00,1.861137390136718750e+00,0.000000000000000000e+00,0.000000000000000000e+00
2.986725807189941406e+00,1.857459664344787598e+00,0.000000000000000000e+00,0.000000000000000000e+00
2.947400569915771484e+00,1.856902480125427246e+00,0.000000000000000000e+00,0.000000000000000000e+00
2.904100179672241211e+00,1.853344082832336426e+00,0.000000000000000000e+00,0.000000000000000000e+00
2.875685453414916992e+00,1.858875274658203125e+00,0.000000000000000000e+00,0.000000000000000000e+00
2.820894956588745117e+00,1.846847534179687500e+00,0.000000000000000000e+00,0.000000000000000000e+00
2.781387567520141602e+00,1.844220519065856934e+00,0.000000000000000000e+00,0.000000000000000000e+00
2.743425607681274414e+00,1.842148661613464355e+00,0.000000000000000000e+00,0.000000000000000000e+00
2.708468914031982422e+00,1.841659903526306152e+00,0.000000000000000000e+00,0.000000000000000000e+00
2.688879966735839844e+00,1.851339340209960938e+00,0.000000000000000000e+00,0.000000000000000000e+00
2.632533788681030273e+00,1.835242748260498047e+00,0.000000000000000000e+00,0.000000000000000000e+00
2.612303256988525391e+00,1.843846917152404785e+00,0.000000000000000000e+00,0.000000000000000000e+00
2.568366050720214844e+00,1.835345029830932617e+00,0.000000000000000000e+00,0.000000000000000000e+00
2.531528711318969727e+00,1.831394195556640625e+00,0.000000000000000000e+00,0.000000000000000000e+00
2.520527601242065430e+00,1.845899939537048340e+00,0.000000000000000000e+00,0.000000000000000000e+00
2.481670856475830078e+00,1.839750766754150391e+00,0.000000000000000000e+00,0.000000000000000000e+00
2.455331563949584961e+00,1.842486858367919922e+00,0.000000000000000000e+00,0.000000000000000000e+00
2.412128210067749023e+00,1.832129478454589844e+00,0.000000000000000000e+00,0.000000000000000000e+00
2.386897802352905273e+00,1.834991693496704102e+00,0.000000000000000000e+00,0.000000000000000000e+00
2.357787609100341797e+00,1.834565520286560059e+00,0.000000000000000000e+00,0.000000000000000000e+00
2.337899684906005859e+00,1.841057181358337402e+00,0.000000000000000000e+00,0.000000000000000000e+00
2.278378725051879883e+00,1.815789461135864258e+00,0.000000000000000000e+00,0.000000000000000000e+00
2.272830963134765625e+00,1.833120822906494141e+00,0.000000000000000000e+00,0.000000000000000000e+00
2.235477924346923828e+00,1.824591398239135742e+00,0.000000000000000000e+00,0.000000000000000000e+00
2.207872867584228516e+00,1.823594570159912109e+00,0.000000000000000000e+00,0.000000000000000000e+00
2.192009925842285156e+00,1.832078933715820312e+00,0.000000000000000000e+00,0.000000000000000000e+00
2.172526359558105469e+00,1.837398529052734375e+00,0.000000000000000000e+00,0.000000000000000000e+00
2.124208450317382812e+00,1.817866444587707520e+00,0.000000000000000000e+00,0.000000000000000000e+00
2.098210573196411133e+00,1.816900491714477539e+00,0.000000000000000000e+00,0.000000000000000000e+00
2.086375713348388672e+00,1.828029632568359375e+00,0.000000000000000000e+00,0.000000000000000000e+00
2.052374839782714844e+00,1.819483518600463867e+00,0.000000000000000000e+00,0.000000000000000000e+00
2.037979125976562500e+00,1.828035950660705566e+00,0.000000000000000000e+00,0.000000000000000000e+00
2.012050867080688477e+00,1.826043367385864258e+00,0.000000000000000000e+00,0.000000000000000000e+00
1.980292797088623047e+00,1.818372607231140137e+00,0.000000000000000000e+00,0.000000000000000000e+00
1.968062162399291992e+00,1.828388929367065430e+00,0.000000000000000000e+00,0.000000000000000000e+00
1.941624283790588379e+00,1.825016975402832031e+00,0.000000000000000000e+00,0.000000000000000000e+00
1.906241416931152344e+00,1.812791585922241211e+00,0.000000000000000000e+00,0.000000000000000000e+00
1.882238626480102539e+00,1.810964703559875488e+00,0.000000000000000000e+00,0.000000000000000000e+00
1.867131352424621582e+00,1.817494988441467285e+00,0.000000000000000000e+00,0.000000000000000000e+00
1.842324256896972656e+00,1.814370036125183105e+00,0.000000000000000000e+00,0.000000000000000000e+00
1.809575319290161133e+00,1.803005218505859375e+00,0.000000000000000000e+00,0.000000000000000000e+00
1.789264678955078125e+00,1.803662300109863281e+00,0.000000000000000000e+00,0.000000000000000000e+00
1.766821622848510742e+00,1.801914334297180176e+00,0.000000000000000000e+00,0.000000000000000000e+00
1.760962009429931641e+00,1.816993474960327148e+00,0.000000000000000000e+00,0.000000000000000000e+00
1.731880068778991699e+00,1.807944178581237793e+00,0.000000000000000000e+00,0.000000000000000000e+00
1.734170317649841309e+00,1.831577420234680176e+00,0.000000000000000000e+00,0.000000000000000000e+00
1.690720796585083008e+00,1.806654214859008789e+00,0.000000000000000000e+00,0.000000000000000000e+00
1.667443871498107910e+00,1.802718281745910645e+00,0.000000000000000000e+00,0.000000000000000000e+00
1.635718107223510742e+00,1.789217829704284668e+00,0.000000000000000000e+00,0.000000000000000000e+00
1.619509816169738770e+00,1.792345643043518066e+00,0.000000000000000000e+00,0.000000000000000000e+00
1.605698466300964355e+00,1.798007965087890625e+00,0.000000000000000000e+00,0.000000000000000000e+00
1.594593286514282227e+00,1.806648850440979004e+00,0.000000000000000000e+00,0.000000000000000000e+00
1.579702019691467285e+00,1.810933947563171387e+00,0.000000000000000000e+00,0.000000000000000000e+00
1.543622493743896484e+00,1.790524601936340332e+00,0.000000000000000000e+00,0.000000000000000000e+00
1.534327983856201172e+00,1.800852060317993164e+00,0.000000000000000000e+00,0.000000000000000000e+00
1.516429901123046875e+00,1.800994753837585449e+00,0.000000000000000000e+00,0.000000000000000000e+00
1.497354626655578613e+00,1.799514651298522949e+00,0.000000000000000000e+00,0.000000000000000000e+00
1.488274931907653809e+00,1.809945702552795410e+00,0.000000000000000000e+00,0.000000000000000000e+00
1.459339737892150879e+00,1.795983433723449707e+00,0.000000000000000000e+00,0.000000000000000000e+00
1.449062347412109375e+00,1.804716944694519043e+00,0.000000000000000000e+00,0.000000000000000000e+00
1.414346575736999512e+00,1.782655119895935059e+00,0.000000000000000000e+00,0.000000000000000000e+00
1.406470417976379395e+00,1.794096112251281738e+00,0.000000000000000000e+00,0.000000000000000000e+00
1.391856670379638672e+00,1.796917557716369629e+00,0.000000000000000000e+00,0.000000000000000000e+00
1.376720786094665527e+00,1.798928022384643555e+00,0.000000000000000000e+00,0.000000000000000000e+00
1.353218793869018555e+00,1.789726614952087402e+00,0.000000000000000000e+00,0.000000000000000000e+00
1.337840676307678223e+00,1.790982246398925781e+00,0.000000000000000000e+00,0.000000000000000000e+00
1.324399113655090332e+00,1.794700980186462402e+00,0.000000000000000000e+00,0.000000000000000000e+00
1.315793871879577637e+00,1.804955363273620605e+00,0.000000000000000000e+00,0.000000000000000000e+00
1.291550397872924805e+00,1.793557405471801758e+00,0.000000000000000000e+00,0.000000000000000000e+00
1.274834156036376953e+00,1.792271018028259277e+00,0.000000000000000000e+00,0.000000000000000000e+00
1.268552184104919434e+00,1.805618882179260254e+00,0.000000000000000000e+00,0.000000000000000000e+00
1.247341632843017578e+00,1.797601819038391113e+00,0.000000000000000000e+00,0.000000000000000000e+00
1.228490948677062988e+00,1.792643427848815918e+00,0.000000000000000000e+00,0.000000000000000000e+00
1.208429694175720215e+00,1.785589694976806641e+00,0.000000000000000000e+00,0.000000000000000000e+00
1.199925184249877930e+00,1.795470356941223145e+00,0.000000000000000000e+00,0.000000000000000000e+00
1.185128331184387207e+00,1.795889496803283691e+00,0.000000000000000000e+00,0.000000000000000000e+00
1.165595173835754395e+00,1.788873434066772461e+00,0.000000000000000000e+00,0.000000000000000000e+00
1.145789742469787598e+00,1.781077742576599121e+00,0.000000000000000000e+00,0.000000000000000000e+00
1.140118956565856934e+00,1.795162439346313477e+00,0.000000000000000000e+00,0.000000000000000000e+00
1.113264083862304688e+00,1.775652408599853516e+00,0.000000000000000000e+00,0.000000000000000000e+00
1.100767612457275391e+00,1.778661489486694336e+00,0.000000000000000000e+00,0.000000000000000000e+00
1.093632817268371582e+00,1.790358185768127441e+00,0.000000000000000000e+00,0.000000000000000000e+00
1.078865647315979004e+00,1.789536476135253906e+00,0.000000000000000000e+00,0.000000000000000000e+00
1.063340544700622559e+00,1.787250876426696777e+00,0.000000000000000000e+00,0.000000000000000000e+00
1.051110863685607910e+00,1.790350437164306641e+00,0.000000000000000000e+00,0.000000000000000000e+00
1.035349845886230469e+00,1.787272214889526367e+00,0.000000000000000000e+00,0.000000000000000000e+00
1.017891287803649902e+00,1.780975818634033203e+00,0.000000000000000000e+00,0.000000000000000000e+00
1.003093481063842773e+00,1.779063344001770020e+00,0.000000000000000000e+00,0.000000000000000000e+00
9.828161597251892090e-01,1.767084717750549316e+00,0.000000000000000000e+00,0.000000000000000000e+00
9.739687442779541016e-01,1.775449156761169434e+00,0.000000000000000000e+00,0.000000000000000000e+00
9.660410881042480469e-01,1.785589098930358887e+00,0.000000000000000000e+00,0.000000000000000000e+00
9.487560391426086426e-01,1.778317213058471680e+00,0.000000000000000000e+00,0.000000000000000000e+00
9.295197725296020508e-01,1.766971945762634277e+00,0.000000000000000000e+00,0.000000000000000000e+00
9.249683618545532227e-01,1.783460259437561035e+00,0.000000000000000000e+00,0.000000000000000000e+00
9.081588387489318848e-01,1.776293516159057617e+00,0.000000000000000000e+00,0.000000000000000000e+00
9.099041819572448730e-01,1.805583119392395020e+00,0.000000000000000000e+00,0.000000000000000000e+00
8.842035531997680664e-01,1.780316829681396484e+00,0.000000000000000000e+00,0.000000000000000000e+00
8.747556805610656738e-01,1.787356376647949219e+00,0.000000000000000000e+00,0.000000000000000000e+00
8.538795113563537598e-01,1.770754456520080566e+00,0.000000000000000000e+00,0.000000000000000000e+00
8.430808782577514648e-01,1.774713873863220215e+00,0.000000000000000000e+00,0.000000000000000000e+00
8.327617645263671875e-01,1.779668927192687988e+00,0.000000000000000000e+00,0.000000000000000000e+00
8.193081021308898926e-01,1.777825236320495605e+00,0.000000000000000000e+00,0.000000000000000000e+00
8.049680590629577637e-01,1.773822665214538574e+00,0.000000000000000000e+00,0.000000000000000000e+00
7.963055968284606934e-01,1.782253980636596680e+00,0.000000000000000000e+00,0.000000000000000000e+00
7.886404991149902344e-01,1.793073177337646484e+00,0.000000000000000000e+00,0.000000000000000000e+00
7.680352926254272461e-01,1.774200320243835449e+00,0.000000000000000000e+00,0.000000000000000000e+00
7.597467899322509766e-01,1.783482193946838379e+00,0.000000000000000000e+00,0.000000000000000000e+00
7.427610754966735840e-01,1.772172689437866211e+00,0.000000000000000000e+00,0.000000000000000000e+00
7.336655855178833008e-01,1.779480934143066406e+00,0.000000000000000000e+00,0.000000000000000000e+00
7.221212387084960938e-01,1.780852079391479492e+00,0.000000000000000000e+00,0.000000000000000000e+00
7.083061337471008301e-01,1.776431798934936523e+00,0.000000000000000000e+00,0.000000000000000000e+00
6.915954947471618652e-01,1.764329910278320312e+00,0.000000000000000000e+00,0.000000000000000000e+00
6.863039731979370117e-01,1.781303882598876953e+00,0.000000000000000000e+00,0.000000000000000000e+00
6.710728406906127930e-01,1.772483110427856445e+00,0.000000000000000000e+00,0.000000000000000000e+00
6.666597723960876465e-01,1.792290568351745605e+00,0.000000000000000000e+00,0.000000000000000000e+00
6.446926593780517578e-01,1.764627695083618164e+00,0.000000000000000000e+00,0.000000000000000000e+00
6.330615282058715820e-01,1.764619231224060059e+00,0.000000000000000000e+00,0.000000000000000000e+00
6.225323677062988281e-01,1.767601490020751953e+00,0.000000000000000000e+00,0.000000000000000000e+00
6.047877669334411621e-01,1.749684572219848633e+00,0.000000000000000000e+00,0.000000000000000000e+00
6.025267839431762695e-01,1.776597857475280762e+00,0.000000000000000000e+00,0.000000000000000000e+00
5.865650773048400879e-01,1.763240218162536621e+00,0.000000000000000000e+00,0.000000000000000000e+00
5.798435807228088379e-01,1.777543306350708008e+00,0.000000000000000000e+00,0.000000000000000000e+00
5.640590190887451172e-01,1.763944506645202637e+00,0.000000000000000000e+00,0.000000000000000000e+00
5.532442927360534668e-01,1.765513658523559570e+00,0.000000000000000000e+00,0.000000000000000000e+00
5.472520589828491211e-01,1.782723426818847656e+00,0.000000000000000000e+00,0.000000000000000000e+00
5.316951274871826172e-01,1.768710374832153320e+00,0.000000000000000000e+00,0.000000000000000000e+00
5.188686847686767578e-01,1.763237476348876953e+00,0.000000000000000000e+00,0.000000000000000000e+00
5.081622004508972168e-01,1.764753222465515137e+00,0.000000000000000000e+00,0.000000000000000000e+00
4.941531419754028320e-01,1.754478573799133301e+00,0.000000000000000000e+00,0.000000000000000000e+00
4.878897666931152344e-01,1.771731019020080566e+00,0.000000000000000000e+00,0.000000000000000000e+00
4.763379693031311035e-01,1.770003557205200195e+00,0.000000000000000000e+00,0.000000000000000000e+00
4.685328304767608643e-01,1.782314658164978027e+00,0.000000000000000000e+00,0.000000000000000000e+00
4.488956928253173828e-01,1.748990774154663086e+00,0.000000000000000000e+00,0.000000000000000000e+00
4.453282654285430908e-01,1.778045654296875000e+00,0.000000000000000000e+00,0.000000000000000000e+00
4.313579797744750977e-01,1.765855669975280762e+00,0.000000000000000000e+00,0.000000000000000000e+00
4.229605197906494141e-01,1.776307463645935059e+00,0.000000000000000000e+00,0.000000000000000000e+00
4.078052639961242676e-01,1.758050203323364258e+00,0.000000000000000000e+00,0.000000000000000000e+00
3.970905840396881104e-01,1.758334398269653320e+00,0.000000000000000000e+00,0.000000000000000000e+00
3.840070366859436035e-01,1.747723937034606934e+00,0.000000000000000000e+00,0.000000000000000000e+00
3.746845126152038574e-01,1.753985166549682617e+00,0.000000000000000000e+00,0.000000000000000000e+00
3.636346161365509033e-01,1.752162575721740723e+00,0.000000000000000000e+00,0.000000000000000000e+00
3.555096983909606934e-01,1.764620661735534668e+00,0.000000000000000000e+00,0.000000000000000000e+00
3.447985351085662842e-01,1.764488220214843750e+00,0.000000000000000000e+00,0.000000000000000000e+00
3.361902236938476562e-01,1.775323629379272461e+00,0.000000000000000000e+00,0.000000000000000000e+00
3.220820426940917969e-01,1.756745219230651855e+00,0.000000000000000000e+00,0.000000000000000000e+00
3.146393001079559326e-01,1.774366378784179688e+00,0.000000000000000000e+00,0.000000000000000000e+00
2.967006564140319824e-01,1.731831073760986328e+00,0.000000000000000000e+00,0.000000000000000000e+00
2.891980111598968506e-01,1.749206185340881348e+00,0.000000000000000000e+00,0.000000000000000000e+00
2.810096442699432373e-01,1.763457059860229492e+00,0.000000000000000000e+00,0.000000000000000000e+00
2.696011960506439209e-01,1.757696509361267090e+00,0.000000000000000000e+00,0.000000000000000000e+00
2.604889869689941406e-01,1.766918778419494629e+00,0.000000000000000000e+00,0.000000000000000000e+00
2.482650130987167358e-01,1.754794478416442871e+00,0.000000000000000000e+00,0.000000000000000000e+00
2.388050854206085205e-01,1.761873126029968262e+00,0.000000000000000000e+00,0.000000000000000000e+00
2.281592041254043579e-01,1.760322332382202148e+00,0.000000000000000000e+00,0.000000000000000000e+00
2.171172052621841431e-01,1.755293250083923340e+00,0.000000000000000000e+00,0.000000000000000000e+00
2.066068947315216064e-01,1.754146218299865723e+00,0.000000000000000000e+00,0.000000000000000000e+00
1.952156573534011841e-01,1.744876980781555176e+00,0.000000000000000000e+00,0.000000000000000000e+00
1.857035607099533081e-01,1.752179861068725586e+00,0.000000000000000000e+00,0.000000000000000000e+00
1.746514737606048584e-01,1.744829893112182617e+00,0.000000000000000000e+00,0.000000000000000000e+00
1.654560863971710205e-01,1.756141543388366699e+00,0.000000000000000000e+00,0.000000000000000000e+00
1.551605761051177979e-01,1.756377220153808594e+00,0.000000000000000000e+00,0.000000000000000000e+00
1.453317850828170776e-01,1.762176632881164551e+00,0.000000000000000000e+00,0.000000000000000000e+00
1.341768801212310791e-01,1.751424670219421387e+00,0.000000000000000000e+00,0.000000000000000000e+00
1.260417401790618896e-01,1.781442642211914062e+00,0.000000000000000000e+00,0.000000000000000000e+00
1.143203526735305786e-01,1.761486411094665527e+00,0.000000000000000000e+00,0.000000000000000000e+00
1.027051657438278198e-01,1.739242315292358398e+00,0.000000000000000000e+00,0.000000000000000000e+00
9.319646656513214111e-02,1.751568555831909180e+00,0.000000000000000000e+00,0.000000000000000000e+00
8.291175216436386108e-02,1.750418543815612793e+00,0.000000000000000000e+00,0.000000000000000000e+00
7.276110351085662842e-02,1.752037644386291504e+00,0.000000000000000000e+00,0.000000000000000000e+00
6.262476742267608643e-02,1.754448413848876953e+00,0.000000000000000000e+00,0.000000000000000000e+00
5.209118127822875977e-02,1.744355916976928711e+00,0.000000000000000000e+00,0.000000000000000000e+00
4.208190739154815674e-02,1.751035451889038086e+00,0.000000000000000000e+00,0.000000000000000000e+00
3.201816976070404053e-02,1.758843898773193359e+00,0.000000000000000000e+00,0.000000000000000000e+00
2.179547585546970367e-02,1.760986924171447754e+00,0.000000000000000000e+00,0.000000000000000000e+00
1.136370655149221420e-02,1.734798908233642578e+00,0.000000000000000000e+00,0.000000000000000000e+00
1.270347274839878082e-03,1.753453493118286133e+00,0.000000000000000000e+00,0.000000000000000000e+00
-8.910446427762508392e-03,1.746656417846679688e+00,0.000000000000000000e+00,0.000000000000000000e+00
-1.922739483416080475e-02,1.759511232376098633e+00,0.000000000000000000e+00,0.000000000000000000e+00
-2.930882386863231659e-02,1.749290466308593750e+00,0.000000000000000000e+00,0.000000000000000000e+00
-3.942661359906196594e-02,1.745866656303405762e+00,0.000000000000000000e+00,0.000000000000000000e+00
-4.887865111231803894e-02,1.720321774482727051e+00,0.000000000000000000e+00,0.000000000000000000e+00
-5.959703400731086731e-02,1.740358829498291016e+00,0.000000000000000000e+00,0.000000000000000000e+00
-7.009062170982360840e-02,1.748853564262390137e+00,0.000000000000000000e+00,0.000000000000000000e+00
-8.015140891075134277e-02,1.745659232139587402e+00,0.000000000000000000e+00,0.000000000000000000e+00
-9.019581228494644165e-02,1.742763519287109375e+00,0.000000000000000000e+00,0.000000000000000000e+00
-1.005544364452362061e-01,1.745804190635681152e+00,0.000000000000000000e+00,0.000000000000000000e+00
-1.103875339031219482e-01,1.739893317222595215e+00,0.000000000000000000e+00,0.000000000000000000e+00
-1.205025762319564819e-01,1.738940477371215820e+00,0.000000000000000000e+00,0.000000000000000000e+00
-1.302722543478012085e-01,1.733431100845336914e+00,0.000000000000000000e+00,0.000000000000000000e+00
-1.409450918436050415e-01,1.739757061004638672e+00,0.000000000000000000e+00,0.000000000000000000e+00
-1.529508382081985474e-01,1.760460138320922852e+00,0.000000000000000000e+00,0.000000000000000000e+00
-1.609376817941665649e-01,1.735101222991943359e+00,0.000000000000000000e+00,0.000000000000000000e+00
-1.711846441030502319e-01,1.735566616058349609e+00,0.000000000000000000e+00,0.000000000000000000e+00
-1.824853718280792236e-01,1.745949149131774902e+00,0.000000000000000000e+00,0.000000000000000000e+00
-1.912801861763000488e-01,1.732414960861206055e+00,0.000000000000000000e+00,0.000000000000000000e+00
-2.039179354906082153e-01,1.753179430961608887e+00,0.000000000000000000e+00,0.000000000000000000e+00
-2.144352942705154419e-01,1.754474282264709473e+00,0.000000000000000000e+00,0.000000000000000000e+00
-2.232255339622497559e-01,1.742055773735046387e+00,0.000000000000000000e+00,0.000000000000000000e+00
-2.338316887617111206e-01,1.744164466857910156e+00,0.000000000000000000e+00,0.000000000000000000e+00
-2.434242516756057739e-01,1.738739132881164551e+00,0.000000000000000000e+00,0.000000000000000000e+00
-2.555743157863616943e-01,1.751163601875305176e+00,0.000000000000000000e+00,0.000000000000000000e+00
-2.633534073829650879e-01,1.733722925186157227e+00,0.000000000000000000e+00,0.000000000000000000e+00
-2.762605845928192139e-01,1.749967217445373535e+00,0.000000000000000000e+00,0.000000000000000000e+00
-2.850304245948791504e-01,1.739658117294311523e+00,0.000000000000000000e+00,0.000000000000000000e+00
-2.952344119548797607e-01,1.738403081893920898e+00,0.000000000000000000e+00,0.000000000000000000e+00
-3.087585866451263428e-01,1.755999088287353516e+00,0.000000000000000000e+00,0.000000000000000000e+00
-3.144522309303283691e-01,1.729251742362976074e+00,0.000000000000000000e+00,0.000000000000000000e+00
-3.261460661888122559e-01,1.736039280891418457e+00,0.000000000000000000e+00,0.000000000000000000e+00
-3.375426232814788818e-01,1.740753173828125000e+00,0.000000000000000000e+00,0.000000000000000000e+00
-3.495010435581207275e-01,1.747873187065124512e+00,0.000000000000000000e+00,0.000000000000000000e+00
-3.576700985431671143e-01,1.736061811447143555e+00,0.000000000000000000e+00,0.000000000000000000e+00
-3.688579201698303223e-01,1.739039897918701172e+00,0.000000000000000000e+00,0.000000000000000000e+00
-3.745413720607757568e-01,1.716505646705627441e+00,0.000000000000000000e+00,0.000000000000000000e+00
-3.891369998455047607e-01,1.734810113906860352e+00,0.000000000000000000e+00,0.000000000000000000e+00
-4.031736850738525391e-01,1.749596595764160156e+00,0.000000000000000000e+00,0.000000000000000000e+00
-4.119070172309875488e-01,1.741077780723571777e+00,0.000000000000000000e+00,0.000000000000000000e+00
-4.243057668209075928e-01,1.747969150543212891e+00,0.000000000000000000e+00,0.000000000000000000e+00
-4.290621876716613770e-01,1.723694443702697754e+00,0.000000000000000000e+00,0.000000000000000000e+00
-4.438495039939880371e-01,1.739794850349426270e+00,0.000000000000000000e+00,0.000000000000000000e+00
-4.541419446468353271e-01,1.737807869911193848e+00,0.000000000000000000e+00,0.000000000000000000e+00
-4.628121554851531982e-01,1.729727268218994141e+00,0.000000000000000000e+00,0.000000000000000000e+00
-4.783358573913574219e-01,1.746921777725219727e+00,0.000000000000000000e+00,0.000000000000000000e+00
-4.881507158279418945e-01,1.742840409278869629e+00,0.000000000000000000e+00,0.000000000000000000e+00
-4.994347095489501953e-01,1.743943452835083008e+00,0.000000000000000000e+00,0.000000000000000000e+00
-5.037383437156677246e-01,1.721025109291076660e+00,0.000000000000000000e+00,0.000000000000000000e+00
-5.218002796173095703e-01,1.744961500167846680e+00,0.000000000000000000e+00,0.000000000000000000e+00
-5.295473933219909668e-01,1.734000802040100098e+00,0.000000000000000000e+00,0.000000000000000000e+00
-5.418165922164916992e-01,1.737866401672363281e+00,0.000000000000000000e+00,0.000000000000000000e+00
-5.500558018684387207e-01,1.728783845901489258e+00,0.000000000000000000e+00,0.000000000000000000e+00
-5.644192099571228027e-01,1.738800525665283203e+00,0.000000000000000000e+00,0.000000000000000000e+00
-5.718418359756469727e-01,1.727333664894104004e+00,0.000000000000000000e+00,0.000000000000000000e+00
-5.812948346138000488e-01,1.722193956375122070e+00,0.000000000000000000e+00,0.000000000000000000e+00
-5.909848213195800781e-01,1.717809200286865234e+00,0.000000000000000000e+00,0.000000000000000000e+00
-5.993658304214477539e-01,1.709725618362426758e+00,0.000000000000000000e+00,0.000000000000000000e+00
-6.131259799003601074e-01,1.716872811317443848e+00,0.000000000000000000e+00,0.000000000000000000e+00
-6.282917857170104980e-01,1.727497577667236328e+00,0.000000000000000000e+00,0.000000000000000000e+00
-6.441358327865600586e-01,1.739444971084594727e+00,0.000000000000000000e+00,0.000000000000000000e+00
-6.455581188201904297e-01,1.712581515312194824e+00,0.000000000000000000e+00,0.000000000000000000e+00
-6.571866869926452637e-01,1.713124871253967285e+00,0.000000000000000000e+00,0.000000000000000000e+00
-6.707755327224731445e-01,1.718540668487548828e+00,0.000000000000000000e+00,0.000000000000000000e+00
-6.860705614089965820e-01,1.727938175201416016e+00,0.000000000000000000e+00,0.000000000000000000e+00
-6.960192322731018066e-01,1.723648667335510254e+00,0.000000000000000000e+00,0.000000000000000000e+00
-7.130364179611206055e-01,1.736581921577453613e+00,0.000000000000000000e+00,0.000000000000000000e+00
-7.188971042633056641e-01,1.722230553627014160e+00,0.000000000000000000e+00,0.000000000000000000e+00
-7.301128506660461426e-01,1.720828652381896973e+00,0.000000000000000000e+00,0.000000000000000000e+00
-7.448587417602539062e-01,1.727522969245910645e+00,0.000000000000000000e+00,0.000000000000000000e+00
-7.644156813621520996e-01,1.744850993156433105e+00,0.000000000000000000e+00,0.000000000000000000e+00
-7.746974229812622070e-01,1.740658998489379883e+00,0.000000000000000000e+00,0.000000000000000000e+00
-7.779938578605651855e-01,1.721004843711853027e+00,0.000000000000000000e+00,0.000000000000000000e+00
-7.893311977386474609e-01,1.719327569007873535e+00,0.000000000000000000e+00,0.000000000000000000e+00
-7.997487783432006836e-01,1.715589046478271484e+00,0.000000000000000000e+00,0.000000000000000000e+00
-8.158149123191833496e-01,1.723757743835449219e+00,0.000000000000000000e+00,0.000000000000000000e+00
-8.276372551918029785e-01,1.722709655761718750e+00,0.000000000000000000e+00,0.000000000000000000e+00
-8.364972472190856934e-01,1.715475320816040039e+00,0.000000000000000000e+00,0.000000000000000000e+00
-8.489155173301696777e-01,1.715500354766845703e+00,0.000000000000000000e+00,0.000000000000000000e+00
-8.643285036087036133e-01,1.721346020698547363e+00,0.000000000000000000e+00,0.000000000000000000e+00
-8.711435198783874512e-01,1.710002779960632324e+00,0.000000000000000000e+00,0.000000000000000000e+00
-8.853244781494140625e-01,1.713090419769287109e+00,0.000000000000000000e+00,0.000000000000000000e+00
-9.038116931915283203e-01,1.724160790443420410e+00,0.000000000000000000e+00,0.000000000000000000e+00
-9.189876914024353027e-01,1.728546500205993652e+00,0.000000000000000000e+00,0.000000000000000000e+00
-9.324180483818054199e-01,1.729424476623535156e+00,0.000000000000000000e+00,0.000000000000000000e+00
-9.347863197326660156e-01,1.709894418716430664e+00,0.000000000000000000e+00,0.000000000000000000e+00
-9.554071426391601562e-01,1.723678708076477051e+00,0.000000000000000000e+00,0.000000000000000000e+00
-9.630374908447265625e-01,1.713820815086364746e+00,0.000000000000000000e+00,0.000000000000000000e+00
-9.844198822975158691e-01,1.728219747543334961e+00,0.000000000000000000e+00,0.000000000000000000e+00
-9.853002429008483887e-01,1.706570506095886230e+00,0.000000000000000000e+00,0.000000000000000000e+00
